Vazao (bbl/d)Head teorico (m)Altura de elevacao (m)
         2532.5        3.63329        3.56951              
        3043.35        3.67624        3.59443              
        3499.86        3.71462        3.60026              
        4010.71        3.75757        3.58877              
        4521.55        3.80052        3.55848              
        4972.62        3.83844        3.51623              
        5548.69        3.88687        3.44127              
        6016.06        3.92617        3.36321              
        6586.69        3.97414        3.24706              
        7575.78         4.0573        2.99158              
